
strategic_region={
	id=229
	name="STRATEGICREGION_229"
	provinces={
		13347 13348 13350 13351 13352 13356 13357 13358 13359 13360 13645 13646 13647 13648 13649 13650 13651 13652 13653 13654 13655 13656 13657 13658 13659 13660 13661 13662 13663 13664 13665 13666 13667 13668 13669 13670 13671 13672 13673 13674 13675 13676 13677 13678 13679 13680 13681 13682 13683 13684 13708 13709 13710 13711 13712 13713 13714 13715 13716 13717 13718 13719 13720 13721 13722 13723 14688 14689 14690 14691 14692 14693 14694 14695 14696 14697 14698 14699 14700 14701 
	}
	weather={
	}
}
