
strategic_region={
	id=234
	name="STRATEGICREGION_234"
	provinces={
		13287 13288 13289 13290 13291 13296 13297 13298 13299 13300 13301 13302 13303 13304 13305 13306 13307 13309 13310 13311 13312 13313 13314 13315 13316 13317 13318 13319 13320 13321 13322 13323 13324 13325 13326 13330 13331 13332 13333 13334 13335 13336 13337 13338 13339 13340 13341 13342 13344 13345 13346 14624 14625 14626 14627 14628 14629 14630 14631 14632 14633 14634 14635 14636 14637 14638 14639 14640 14641 14642 14643 14644 14645 14646 14647 14648 14649 14650 14651 14652 14653 14654 14655 14656 14657 14658 14659 14660 14661 14662 14663 14664 14665 14669 14670 14671 14672 14673 14674 14675 14676 14677 14678 14679 14680 14681 14682 14683 14684 14685 14686 14687 
	}
	weather={
	}
}
