
strategic_region={
	id=246
	name="STRATEGICREGION_246"
	provinces={
		33 439 2905 2929 2953 3428 3619 3812 4020 4243 4470 4693 4916 5129 5245 5297 5323 5346 5368 5393 5464 5490 5540 6043 6448 6637 6815 6830 7017 7032 7036 7241 7258 7261 7484 7488 7710 7714 7922 7941 8399 8424 8448 8468 8475 8495 8502 8528 8549 8551 8573 8575 8596 8597 8598 8624 8625 8645 8650 8651 8652 8671 8677 8678 8697 8703 8722 8729 8730 8748 8753 8754 8775 8776 8799 8818 8824 8849 8850 8851 8875 8876 8877 8899 8900 8901 8922 8924 8925 8940 8946 8947 8964 8971 8995 9012 9018 9062 14260 14261 14262 14263 14264 14265 14266 14267 14268 14269 14270 14271 14272 14273 14274 14275 14276 14277 14278 14279 14280 14281 14282 14283 14284 14285 14286 14287 
		
		#working provinces to add back in
		14288 14289 14290 14291 14292 14293 14294 14295 14296 14297 14298 14299 14300 14301 14302 14303 
	}
	weather={
	}
}
