
strategic_region={
	id=250
	name="STRATEGICREGION_250"
	provinces={
		3428 5368 5464 5490 5540 6043 7484 8645 8650 8651 8652 8671 8729 8730 8753 8754 8776 8776 8799 8850 8851 8876 8877 8899 8900 8901 8922 8940 8947 14304 14305 14420 14421 14422 14425 14428 14429 14430 14431 14432 14433 14440 14441 14446 14448 14452 14468 14499 14505 14510 14511 14515 14516 14522 14523 14525 14527 14528 14529 14530 14531 14533 14534 14535 14536 14537 14538 14540 14541 14543 14544 14545 14546 14547 14548 14549 14550 14552 14554 14556 14558 14559 14561 14562 14565 14566 15796 15815 15816 15841 15844 15845 15846 15847 15848 15849 15850 15851 15852 15853 15854 15855 15856 15857 15859 15860 15861 15862 15863 15864 15865 15866 15867 15868 15869 15870 15871 15872 15873 15874 15875 15876 15877 15878 15879 15880 15881 15882 15883 15884 15885 15885 15886 15887 15888 15889 15890 16040 16041 16042 16043 16052 
	}
	weather={
	}
}
