
strategic_region={
	id=250
	name="STRATEGICREGION_250"
	provinces={
		3619 5368 5540 8729 8776 8940 14425 14440 14448 14452 14468 14471 14474 14518 14522 14523 14527 14528 14533 14536 14545 14546 14548 14556 14559 15796 15810 15811 15812 15813 15814 15815 15816 15817 15844 15845 15846 15847 15848 15849 15850 15851 15852 15853 15854 15855 15856 15857 15859 15860 15861 15862 15863 15864 15865 15865 15866 15867 15868 15869 15870 15871 15872 15873 15873 15874 15875 15875 15876 15876 15877 15877 15878 15878 15879 15879 15880 15880 15881 15881 15882 15882 15883 15883 15884 15884 15885 15885 15885 15886 15886 15887 15887 15888 15888 15889 15889 15890 15890 
		15843 15842 15840 15839 15838 15858 14543 15841 14532
	}
	weather={
	}
}
