
strategic_region={
	id=251
	name="STRATEGICREGION_251"
	provinces={
		4470 5129 5297 5323 5393 6448 6637 6815 6830 7258 7261 7710 7714 7922 7941 8399 8424 8448 8528 8573 8575 8596 8597 8624 8625 8678 8697 8703 14308 14309 14310 14311 14312 14313 14434 14437 14438 14439 14444 14456 14457 14458 14459 14459 14460 14461 14462 14463 14464 14465 14466 14467 14468 14470 14471 14472 14473 14474 14475 14476 14477 14478 14479 14480 14481 14482 14483 14484 14485 14486 14487 14488 14489 14490 14491 14493 14494 14495 14496 14499 14503 14504 14506 14507 14508 14509 14512 14518 14521 14526 14702 14703 14704 14705 14706 14707 14708 14709 14710 14711 14712 14713 14714 14715 14716 14717 14718 14719 14720 14721 14722 14723 14724 14725 14726 14727 14728 14729 14730 14731 14732 14733 14734 14735 14736 14737 14738 14739 14740 14741 14742 14743 14748 14749 14750 14751 14752 14753 14754 14755 14756 14757 14758 14759 14760 14761 14762 14763 14764 14765 14765 14766 14766 14767 14768 14768 14769 14769 14770 14770 14771 14772 14773 14774 14774 14775 14775 14776 14776 14777 14786 14787 14787 14788 14788 14789 14789 14790 14790 14791 14792 14793 14794 14795 14796 14796 14797 14797 14798 14798 14799 14799 14800 14801 14801 14802 14802 14803 14803 14804 14805 14806 14807 14808 14809 14810 14814 14815 14816 14817 14818 14819 14820 14821 15646 15647 15648 15649 15650 15651 15653 15654 15655 15656 15657 15658 15659 15660 15661 15662 15769 15770 15771 15772 15773 15774 15775 15776 15777 15778 15779 15780 15781 15782 15783 15784 15785 15786 15787 15788 15789 15790 15791 15792 15793 15794 15795 15797 15798 15799 15800 15801 15802 15803 15804 15805 15806 15807 15808 15809 15810 15811 15812 15813 15814 15815 15816 15817 15818 15819 15820 15821 15822 15823 15824 15825 15826 15827 15828 15829 15830 15831 15832 15834 15835 15836 15837 16053 16054 16055 16056 16057 16058 16059 16060 16061 16062 16063 16064 16065 16066 16067 16068 16069 16070 16071 16072 16073 16074 16075 16076 16077 16078 16079 16080 16081 16082 16083 16084 16085 16086 16087 16088 16089 16090 16091 16092 16093 16094 16095 16096 16097 16098 16099 16100 16101 16102 16103 16104 16105 16106 16107 16108 16109 16110 16111 16112 16113 16114 16115 16116 16117 16134 16152 16153 16154 16155 16156 16157 16158 16159 16160 16161 16162 16163 16164 16165 16166 16167 16168 16169 16170 16171 16172 16173 16174 16175 16176 16177 16178 16179 16180 16181 16182 16333 16334 16335 16336 16337 16388 
	}
	weather={
	}
}
