
strategic_region={
	id=252
	name="STRATEGICREGION_252"
	provinces={
		4020 4243 14415 14417 14419 14430 14462 14463 15617 15619 15673 15674 15675 15676 15685 16183 16183 16184 16184 16185 16185 16186 16186 16187 16187 16188 16188 16189 16189 16190 16190 16191 16191 16192 16193 16194 16195 16196 16197 16197 16198 16199 16200 16201 16202 16203 16203 16204 16204 16205 16205 16206 16206 16207 16207 16208 16208 16209 16209 16210 16210 16211 16211 16212 16212 16213 16214 16215 16216 16217 16218 16219 16220 16221 16222 16223 16223 16224 16224 16225 16225 16226 16226 16227 16227 16228 16228 16229 16229 16230 16230 16231 16231 16232 16232 16233 16233 16234 16234 16235 16235 16236 16236 16237 16237 16238 16238 16239 16239 16240 16240 16241 16241 16242 16242 16243 16243 16244 16245 16245 16246 16246 16247 16247 16248 16248 16249 16249 16250 16250 16251 16251 16252 16252 16253 16253 16254 16254 16255 16255 16256 16257 16257 16258 16259 16260 16261 16262 16263 16264 16264 16265 16266 16267 16268 16269 16270 16271 16272 16273 16274 16275 16276 16277 16278 16279 16280 16281 16282 
	}
	weather={
	}
}
