
strategic_region={
	id=252
	name="STRATEGICREGION_252"
	provinces={
		2905 2929 2953 4020 4243 5245 5346 7017 7032 14278 14319 14332 14333 14334 14335 14415 14419 14811 14812 14813 14814 14815 14816 14817 14818 14819 14820 14821 14822 14823 14824 14834 14835 14836 14837 14838 14839 14840 14841 14842 14843 14844 14845 14846 14847 14848 14849 14850 14851 14852 14853 14854 14855 14856 14857 14858 14859 14860 14861 14862 14863 14864 14865 14866 14866 14867 14867 14868 14868 14869 14869 14870 14871 14871 14872 14873 14874 14875 14876 14877 14878 14879 14880 14881 14882 14883 14884 14884 14885 14885 14886 14886 14887 14887 14888 14888 14889 14889 14890 14891 14891 14892 14892 14893 14893 14894 14894 14895 14895 14896 14896 14897 14898 14899 14900 14901 14902 14903 14904 14905 14906 14907 14908 14909 14909 14910 14910 14911 14911 14912 14912 14913 14913 14914 14915 14915 14916 14916 14917 14917 14918 14918 14919 14919 14920 14920 14921 14921 14922 14922 14923 14923 14924 14924 14925 14926 14927 14928 14929 14930 14931 14932 14933 14934 14935 14936 14937 14937 14938 14939 15617 15673 15685 16246 16247 16248 16249 16250 16251 16252 16253 16254 16255 16257 16264 16279 16280 16281 16282 
	}
	weather={
	}
}
