
strategic_region={
	id=253
	name="STRATEGICREGION_253"
	provinces={
		33 15616 15620 15663 15664 15665 15666 15667 15668 15669 15670 15671 15672 16283 16284 16285 16286 16287 16288 16289 16290 16291 16292 16293 16294 16295 16295 16296 16296 16297 16297 16298 16298 16299 16299 16300 16300 16301 16301 16302 16302 16303 16303 16304 16304 16305 16305 16306 16306 16307 16307 16308 16308 16309 16309 16310 16310 16311 16311 16312 16312 16313 16313 16314 16314 16315 16315 16316 16316 16317 16317 16318 16318 16319 16319 16320 16320 16321 16321 16322 16322 16323 16323 16324 16324 16325 16325 16326 16326 16327 16327 16328 16328 16329 16329 16330 16330 
	}
	weather={
	}
}
