
strategic_region={
	id=254
	name="STRATEGICREGION_254"
	provinces={
		439 8824 8849 8875 8925 8964 8971 9012 9012 9018 9018 14260 14261 14262 14263 14264 14265 14268 14269 14270 14336 14337 14377 14542 14554 14562 14567 14567 14568 14574 14575 14576 14577 14578 14581 14582 14583 14584 14585 14586 14588 14592 14594 14595 14596 14597 14598 14599 14601 14601 14602 14603 14603 14605 14605 14611 14612 14612 14613 14613 14614 14614 14615 14615 14616 14616 14617 14617 14618 14618 14619 14620 14621 14622 14623 14637 14642 15601 15602 15603 15604 15605 15606 15609 15610 15611 15677 15678 15945 15946 15947 15948 15949 15950 15951 15952 15953 15954 15955 15956 15957 15958 15959 15960 15961 15962 15963 15964 15965 15966 15967 15968 15969 15970 15971 15972 15973 15974 15975 15976 15977 15978 15979 15980 15981 15982 15983 
	}
	weather={
	}
}
