
strategic_region={
	id=254
	name="STRATEGICREGION_254"
	provinces={
		9012 9018 13002 14377 14542 14562 14567 14568 14605 15601 15602 15603 15604 15605 15606 15606 15607 15609 15609 15610 15611 15611 15677 15678 15678 15945 15945 15946 15946 15947 15947 15948 15948 15949 15949 15950 15950 15951 15951 15952 15953 15954 15955 15956 15957 15958 15959 15960 15961 15962 15962 15963 15963 15964 15964 15965 15966 15967 15968 15969 15970 15971 15972 15972 15973 15973 15974 15974 15975 15975 15976 15976 15977 15977 15978 15978 15979 15979 15980 15980 15981 15981 15982 15982 15983 15983 
	}
	weather={
	}
}
