
strategic_region={
	id=255
	name="STRATEGICREGION_255"
	provinces={
		14267 14271 14272 14274 14277 14283 14284 14286 14287 14643 14644 14648 14649 14650 14651 14653 14666 14667 14668 14669 14670 14671 14672 14680 14688 14689 15608 15612 15614 15615 15618 15621 15622 15623 15624 15625 15626 15627 15628 15984 15985 15986 15987 15988 15989 15990 15991 15992 15993 15994 15995 15996 15997 15998 15999 16000 16001 16002 16003 16004 16005 16006 16007 16008 16009 16010 16011 16012 16013 16014 16015 16016 16017 16018 16019 16020 16021 16022 16023 16024 16025 16026 16027 16028 16029 16030 
	}
	weather={
	}
}
