
strategic_region={
	id=293
	name="STRATEGICREGION_293"
	provinces={
		13339 13340 13342 13343 13344 13897 13898 13899 13900 13901 13902 13903 13904 13905 13906 13908 13909 13910 13911 13912 13913 13914 13915 13916 13917 13918 13919 13920 13921 13922 13923 13924 13925 13926 13927 13928 13929 13930 13931 13932 13933 13934 13935 13936 13937 13938 13940 13941 13943 13945 13946 13947 13948 13949 13950 13952 13953 13954 13955 13956 13957 13959 13960 13961 13962 13963 13965 13967 13971 13974 13976 13977 13979 13980 13984 13986 13987 13988 13989 13990 13992 13994 13996 13997 13998 14000 14002 14004 14006 14008 14010 14011 14013 14016 14017 14018 14019 14020 14021 14023 14024 14025 14026 14027 14028 14029 14030 14031 14032 14033 14034 14035 14036 14037 14038 14039 14040 14041 14042 14343 14347 14349 14353 
	}
	weather={
	}
}
