
strategic_region={
	id=301
	name="STRATEGICREGION_301"
	provinces={
		3812 8824 8924 8946 8964 14429 14540 14547 14550 14552 14553 14554 14558 14561 14570 14592 15891 15892 15893 15894 15895 15896 15897 15898 15899 15900 15901 15902 15903 15904 15905 15906 15907 15908 15909 15910 15911 15912 15913 15914 15915 15916 15917 15918 15919 15920 15921 15922 15923 15924 15925 15926 15927 15928 15929 15930 15931 15932 15933 15934 15935 15936 15937 15938 15939 15940 15941 15941 15942 15943 15944 15944 
	}
	weather={
	}
}
