
state={
	id=1063
	name="STATE_1063"

	history={
		owner = BLM

	}

	provinces={
		6043 7484 8730 8753 8754 8876 8899 8947 14448 14452 14455 14468 14503 14505 14506 14510 14511 14513 14515 14517 14522 14523 14524 14526 14527 14528 14532 14533 14534 14535 14536 14537 14538 14540 14541 14542 14546 14548 14559 15794 15795 15796 15842 15843 15844 15845 15846 15847 15848 15849 15850 15851 15852 15853 15854 15855 15856 15863 15864 15865 15872 15873 15874 15875 15876 15877 15878 15879 15880 15881 15882 15883 15884 15889 15890 
	}
	manpower=14028
	buildings_max_level_factor=1.000
	state_category=wasteland
	local_supplies=0.000
}
