
state={
	id=1130
	name="STATE_1130"
	provinces={
		13345 14043 14044 14045 14046 14047 14048 14049 14050 14051 14052 14053 14054 14055 14056 14057 14058 14089 14090 14091 14092 14093 14096 14098 14099 14100 14101 14102 14105 14108 14109 14114 14116 14120 14122 14125 14126 14130 14131 14139 14141 14142 14143 14145 14148 14150 14151 14159 14160 14162 14165 14171 14172 14175 14176 14182 14186 14187 14189 14193 14198 14206 14207 14208 14209 14212 14214 14215 14220 14228 14229 14230 14231 14236 14262 14350 
	}
	history={
		owner = ATC
		buildings = {
			infrastructure = 1

			}

		add_core_of = ATC

	}
	manpower=1
	state_category=enclave
	buildings_max_level_factor=1.000
	local_supplies=0.000
}
