
state={
	id=1131
	name="STATE_1131"

	history={
		owner = NAA
		buildings = {
			infrastructure = 1

		}
		add_core_of = NAA

	}

	provinces={
		13346 13347 14059 14061 14063 14064 14065 14066 14067 14068 14069 14070 14071 14072 14097 14106 14107 14110 14117 14118 14121 14123 14132 14133 14134 14138 14146 14152 14153 14157 14158 14161 14163 14169 14170 14173 14174 14177 14185 14188 14194 14195 14201 14202 14203 14205 14210 14213 14216 14217 14221 14223 14224 14226 14232 14239 14240 14241 14243 14244 14245 14249 14252 14254 14255 14257 14260 14263 14264 14267 14275 14277 14283 14351 
	}
	manpower=1
	buildings_max_level_factor=1.000
	state_category=enclave
	local_supplies=0.000
}
