state={
	id=1132
	name="STATE_1132"
	provinces={
		13294 13348 14073 14074 14075 14076 14077 14078 14079 14080 14081 14082 14083 14103 14104 14111 14112 14119 14124 14129 14135 14136 14140 14149 14154 14155 14156 14166 14168 14178 14179 14183 14184 14190 14191 14196 14200 14204 14218 14219 14227 14233 14234 14235 14237 14242 14250 14253 14256 14265 14266 14268 14269 14270 14272 14273 14274 14281 14285 14286 14287 14288 14289 14290 14291 14295 14298 14299 14300 14301 14302 14303 14304 14305 14306 14307 
	}
	manpower=0
	buildings_max_level_factor=1.000
	local_supplies=0.000
}
