state={
	id=1144
	name="STATE_1144"
	
	history={
		owner = ATC
		buildings = {
			infrastructure = 1

		}
		add_core_of = ATC
		victory_points = {
			13339 1 
		}

	}
	
	provinces={
		13339 13340 13929 13930 13931 13932 13933 13934 13935 13936 13937 13938 13939 13940 13941 13942 13943 13944 13945 13946 13947 13948 13949 13950 13951 13952 13953 13954 13955 13956 13957 13958 13959 13960 13961 13962 13963 13964 13965 13966 13967 13968 13969 13970 13971 13972 13973 13974 13975 13976 13977 13978 13979 13980 13981 13982 13983 13984 13985 13986 13987 13988 13989 13990 13991 13992 13993 13994 13995 13996 13997 13998 13999 14348 14349 14353 
	}
	manpower=1
	state_category=enclave
	buildings_max_level_factor=1.000
	local_supplies=0.000
}
