
state={
	id=969
	name="STATE_969"

	history={
		owner = ATL
		buildings = {
			infrastructure = 1

		}

	}

	provinces={
		 3428 3619 3812 4020 4470 5129 5245 5297 5323 5346 5368 5393 5464 5490 5540 6043 6448 6637 6815 6830 7258 7261 7484 7710 7714 7922 7941 8399 8424 8448 8502 8528 8573 8575 8596 8597 8624 8625 8645 8650 8651 8652 8671 8677 8678 8697 8703 8722 8729 8730 8748 8753 8754 8775 8776 8799 8824 8850 8851 8875 8876 8877 8899 8900 8901 8922 8924 8925 8940 8946 8947 8964 9062 
		 
	}
	manpower=12510
	buildings_max_level_factor=1.000
	state_category=megalopolis
}
